0.000000 1.000000
0.005000 1.005000
0.010000 1.010025
0.015000 1.015075
0.020000 1.020151
0.025000 1.025251
0.030000 1.030378
0.035000 1.035529
0.040000 1.040707
0.045000 1.045910
0.050000 1.051140
0.055000 1.056396
0.060000 1.061678
0.065000 1.066986
0.070000 1.072321
0.075000 1.077683
0.080000 1.083071
0.085000 1.088486
0.090000 1.093929
0.095000 1.099398
0.100000 1.104895
0.105000 1.110420
0.110000 1.115972
0.115000 1.121552
0.120000 1.127159
0.125000 1.132795
0.130000 1.138459
0.135000 1.144151
0.140000 1.149872
0.145000 1.155622
0.150000 1.161400
0.155000 1.167207
0.160000 1.173043
0.165000 1.178908
0.170000 1.184802
0.175000 1.190726
0.180000 1.196680
0.185000 1.202663
0.190000 1.208677
0.195000 1.214720
0.200000 1.220794
0.205000 1.226898
0.210000 1.233032
0.215000 1.239197
0.220000 1.245393
0.225000 1.251620
0.230000 1.257879
0.235000 1.264168
0.240000 1.270489
0.245000 1.276841
0.250000 1.283225
0.255000 1.289641
0.260000 1.296090
0.265000 1.302570
0.270000 1.309083
0.275000 1.315628
0.280000 1.322206
0.285000 1.328817
0.290000 1.335462
0.295000 1.342139
0.300000 1.348850
0.305000 1.355594
0.310000 1.362372
0.315000 1.369184
0.320000 1.376030
0.325000 1.382910
0.330000 1.389824
0.335000 1.396773
0.340000 1.403757
0.345000 1.410776
0.350000 1.417830
0.355000 1.424919
0.360000 1.432044
0.365000 1.439204
0.370000 1.446400
0.375000 1.453632
0.380000 1.460900
0.385000 1.468204
0.390000 1.475546
0.395000 1.482923
0.400000 1.490338
0.405000 1.497790
0.410000 1.505278
0.415000 1.512805
0.420000 1.520369
0.425000 1.527971
0.430000 1.535611
0.435000 1.543289
0.440000 1.551005
0.445000 1.558760
0.450000 1.566554
0.455000 1.574387
0.460000 1.582259
0.465000 1.590170
0.470000 1.598121
0.475000 1.606112
0.480000 1.614142
0.485000 1.622213
0.490000 1.630324
0.495000 1.638476
0.500000 1.646668
0.505000 1.654901
0.510000 1.663176
0.515000 1.671492
0.520000 1.679849
0.525000 1.688248
0.530000 1.696690
0.535000 1.705173
0.540000 1.713699
0.545000 1.722267
0.550000 1.730879
0.555000 1.739533
0.560000 1.748231
0.565000 1.756972
0.570000 1.765757
0.575000 1.774585
0.580000 1.783458
0.585000 1.792376
0.590000 1.801338
0.595000 1.810344
0.600000 1.819396
0.605000 1.828493
0.610000 1.837636
0.615000 1.846824
0.620000 1.856058
0.625000 1.865338
0.630000 1.874665
0.635000 1.884038
0.640000 1.893458
0.645000 1.902926
0.650000 1.912440
0.655000 1.922002
0.660000 1.931612
0.665000 1.941271
0.670000 1.950977
0.675000 1.960732
0.680000 1.970536
0.685000 1.980388
0.690000 1.990290
0.695000 2.000242
0.700000 2.010243
0.705000 2.020294
0.710000 2.030396
0.714999 2.040547
0.719999 2.050750
0.724999 2.061004
0.729999 2.071309
0.734999 2.081665
0.739999 2.092073
0.744999 2.102534
0.749999 2.113046
0.754999 2.123612
0.759999 2.134230
0.764999 2.144901
0.769999 2.155625
0.774999 2.166404
0.779999 2.177236
0.784999 2.188122
0.789999 2.199062
0.794999 2.210058
0.799999 2.221108
0.804999 2.232213
0.809999 2.243375
0.814999 2.254591
0.819999 2.265864
0.824999 2.277194
0.829999 2.288580
0.834999 2.300023
0.839999 2.311523
0.844999 2.323080
0.849999 2.334696
0.854999 2.346369
0.859999 2.358101
0.864999 2.369892
0.869999 2.381741
0.874999 2.393650
0.879999 2.405618
0.884999 2.417646
0.889999 2.429734
0.894999 2.441883
0.899999 2.454092
0.904999 2.466363
0.909999 2.478694
0.914999 2.491088
0.919999 2.503543
0.924999 2.516061
0.929999 2.528641
0.934999 2.541285
0.939999 2.553991
0.944999 2.566761
0.949999 2.579595
0.954999 2.592493
0.959999 2.605455
0.964999 2.618483
0.969999 2.631575
0.974999 2.644733
0.979999 2.657957
0.984999 2.671246
0.989999 2.684602
0.994999 2.698025
0.999999 2.711516
1.004999 2.725073
1.009999 2.738699
1.014999 2.752392
1.019999 2.766154
1.024999 2.779985
1.029999 2.793885
1.034999 2.807854
1.039999 2.821894
1.044999 2.836003
1.049999 2.850183
1.054999 2.864434
1.059999 2.878756
1.064999 2.893150
1.069999 2.907616
1.074999 2.922154
1.079999 2.936765
1.084999 2.951448
1.089999 2.966206
1.094999 2.981037
1.099999 2.995942
1.104999 3.010921
1.109999 3.025976
1.114999 3.041106
1.119999 3.056312
1.124999 3.071593
1.129999 3.086951
1.134999 3.102386
1.139999 3.117898
1.144999 3.133487
1.149999 3.149155
1.154999 3.164901
1.159999 3.180725
1.164999 3.196629
1.169999 3.212612
1.174999 3.228675
1.179999 3.244818
1.184999 3.261043
1.189999 3.277348
1.194999 3.293735
1.199999 3.310203
1.204999 3.326754
1.209999 3.343388
1.214999 3.360105
1.219999 3.376906
1.224999 3.393790
1.229999 3.410759
1.234999 3.427813
1.239999 3.444952
1.244999 3.462177
1.249999 3.479488
1.254999 3.496885
1.259999 3.514369
1.264999 3.531941
1.269999 3.549601
1.274999 3.567349
1.279999 3.585186
1.284999 3.603112
1.289999 3.621128
1.294999 3.639233
1.299999 3.657429
1.304999 3.675717
1.309999 3.694095
1.314999 3.712566
1.319999 3.731128
1.324999 3.749784
1.329999 3.768533
1.334999 3.787376
1.339999 3.806313
1.344999 3.825344
1.349999 3.844471
1.354999 3.863693
1.359999 3.883012
1.364999 3.902427
1.369999 3.921939
1.374999 3.941549
1.379999 3.961256
1.384999 3.981063
1.389999 4.000968
1.394999 4.020973
1.399999 4.041078
1.404999 4.061283
1.409999 4.081590
1.414999 4.101998
1.419999 4.122508
1.424999 4.143121
1.429999 4.163836
1.434999 4.184656
1.439999 4.205579
1.444999 4.226607
1.449999 4.247740
1.454999 4.268979
1.459999 4.290323
1.464999 4.311775
1.469999 4.333333
1.474999 4.355000
1.479999 4.376775
1.484999 4.398659
1.489999 4.420652
1.494999 4.442755
1.499999 4.464969
1.504999 4.487294
1.509999 4.509731
1.514999 4.532279
1.519999 4.554941
1.524999 4.577715
1.529999 4.600604
1.534999 4.623607
1.539999 4.646725
1.544999 4.669959
1.549999 4.693308
1.554999 4.716775
1.559999 4.740359
1.564999 4.764060
1.569999 4.787881
1.574999 4.811821
1.579999 4.835880
1.584999 4.860059
1.589999 4.884359
1.594999 4.908781
1.599999 4.933325
1.604999 4.957992
1.609999 4.982781
1.614999 5.007695
1.619999 5.032733
1.624999 5.057897
1.629999 5.083187
1.634999 5.108603
1.639999 5.134146
1.644999 5.159816
1.649999 5.185616
1.654999 5.211544
1.659999 5.237601
1.664999 5.263789
1.669999 5.290108
1.674999 5.316559
1.679999 5.343142
1.684999 5.369857
1.689999 5.396707
1.694999 5.423690
1.699999 5.450809
1.704999 5.478063
1.709999 5.505454
1.714999 5.532981
1.719999 5.560646
1.724999 5.588449
1.729999 5.616392
1.734999 5.644474
1.739999 5.672696
1.744999 5.701060
1.749999 5.729565
1.754999 5.758213
1.759999 5.787004
1.764999 5.815939
1.769999 5.845019
1.774999 5.874244
1.779999 5.903615
1.784999 5.933133
1.789999 5.962799
1.794999 5.992612
1.799999 6.022575
1.804999 6.052688
1.809999 6.082952
1.814999 6.113366
1.819999 6.143933
1.824998 6.174653
1.829998 6.205526
1.834998 6.236554
1.839998 6.267736
1.844998 6.299075
1.849998 6.330571
1.854998 6.362224
1.859998 6.394035
1.864998 6.426005
1.869998 6.458135
1.874998 6.490426
1.879998 6.522878
1.884998 6.555492
1.889998 6.588269
1.894998 6.621211
1.899998 6.654316
1.904998 6.687588
1.909998 6.721026
1.914998 6.754631
1.919998 6.788404
1.924998 6.822346
1.929998 6.856458
1.934998 6.890740
1.939998 6.925194
1.944998 6.959820
1.949998 6.994619
1.954998 7.029592
1.959998 7.064740
1.964998 7.100064
1.969998 7.135564
1.974998 7.171242
1.979998 7.207098
1.984998 7.243134
1.989998 7.279350
1.994998 7.315747
1.999998 7.352325
2.004998 7.389087
2.009999 7.426033
2.014999 7.463163
2.019999 7.500479
2.024999 7.537981
2.029999 7.575671
2.034999 7.613549
2.039999 7.651617
2.044999 7.689875
2.049999 7.728324
2.055000 7.766966
2.060000 7.805801
2.065000 7.844830
2.070000 7.884054
2.075000 7.923474
2.080000 7.963092
2.085000 8.002908
2.090000 8.042922
2.095001 8.083137
2.100001 8.123552
2.105001 8.164170
2.110001 8.204991
2.115001 8.246017
2.120001 8.287247
2.125001 8.328683
2.130001 8.370326
2.135001 8.412178
2.140002 8.454239
2.145002 8.496511
2.150002 8.538993
2.155002 8.581688
2.160002 8.624597
2.165002 8.667720
2.170002 8.711059
2.175002 8.754614
2.180002 8.798387
2.185003 8.842379
2.190003 8.886591
2.195003 8.931024
2.200003 8.975678
2.205003 9.020556
2.210003 9.065660
2.215003 9.110988
2.220003 9.156543
2.225003 9.202326
2.230004 9.248338
2.235004 9.294580
2.240004 9.341052
2.245004 9.387757
2.250004 9.434696
2.255004 9.481870
2.260004 9.529279
2.265004 9.576925
2.270005 9.624810
2.275005 9.672935
2.280005 9.721299
2.285005 9.769906
2.290005 9.818755
2.295005 9.867849
2.300005 9.917189
2.305005 9.966775
2.310005 10.016609
2.315006 10.066692
2.320006 10.117025
2.325006 10.167610
2.330006 10.218449
2.335006 10.269541
2.340006 10.320889
2.345006 10.372493
2.350006 10.424356
2.355006 10.476478
2.360007 10.528860
2.365007 10.581505
2.370007 10.634413
2.375007 10.687585
2.380007 10.741023
2.385007 10.794728
2.390007 10.848701
2.395007 10.902945
2.400007 10.957459
2.405008 11.012247
2.410008 11.067308
2.415008 11.122645
2.420008 11.178259
2.425008 11.234150
2.430008 11.290320
2.435008 11.346772
2.440008 11.403506
2.445009 11.460524
2.450009 11.517826
2.455009 11.575416
2.460009 11.633293
2.465009 11.691460
2.470009 11.749917
2.475009 11.808666
2.480009 11.867709
2.485009 11.927048
2.490010 11.986683
2.495010 12.046617
2.500010 12.106850
2.505010 12.167384
2.510010 12.228221
2.515010 12.289362
2.520010 12.350809
2.525010 12.412563
2.530010 12.474627
2.535011 12.537000
2.540011 12.599685
2.545011 12.662683
2.550011 12.725997
2.555011 12.789627
2.560011 12.853575
2.565011 12.917843
2.570011 12.982432
2.575011 13.047344
2.580012 13.112581
2.585012 13.178144
2.590012 13.244035
2.595012 13.310255
2.600012 13.376806
2.605012 13.443690
2.610012 13.510909
2.615012 13.578464
2.620013 13.646356
2.625013 13.714587
2.630013 13.783160
2.635013 13.852076
2.640013 13.921336
2.645013 13.990943
2.650013 14.060898
2.655013 14.131203
2.660013 14.201859
2.665014 14.272868
2.670014 14.344233
2.675014 14.415954
2.680014 14.488033
2.685014 14.560473
2.690014 14.633276
2.695014 14.706443
2.700014 14.779975
2.705014 14.853875
2.710015 14.928144
2.715015 15.002785
2.720015 15.077799
2.725015 15.153188
2.730015 15.228953
2.735015 15.305099
2.740015 15.381624
2.745015 15.458532
2.750015 15.535825
2.755016 15.613503
2.760016 15.691571
2.765016 15.770029
2.770016 15.848879
2.775016 15.928123
2.780016 16.007765
2.785016 16.087803
2.790016 16.168242
2.795017 16.249083
2.800017 16.330328
2.805017 16.411980
2.810017 16.494040
2.815017 16.576509
2.820017 16.659391
2.825017 16.742689
2.830017 16.826403
2.835017 16.910534
2.840018 16.995087
2.845018 17.080063
2.850018 17.165462
2.855018 17.251289
2.860018 17.337545
2.865018 17.424232
2.870018 17.511354
2.875018 17.598911
2.880018 17.686905
2.885019 17.775339
2.890019 17.864216
2.895019 17.953537
2.900019 18.043304
2.905019 18.133520
2.910019 18.224188
2.915019 18.315310
2.920019 18.406885
2.925020 18.498920
2.930020 18.591415
2.935020 18.684372
2.940020 18.777794
2.945020 18.871683
2.950020 18.966042
2.955020 19.060871
2.960020 19.156176
2.965020 19.251957
2.970021 19.348217
2.975021 19.444958
2.980021 19.542183
2.985021 19.639894
2.990021 19.738094
2.995021 19.836784
3.000021 19.935968
3.005021 20.035648
3.010021 20.135826
3.015022 20.236506
3.020022 20.337688
3.025022 20.439377
3.030022 20.541574
3.035022 20.644283
3.040022 20.747505
3.045022 20.851242
3.050022 20.955498
3.055022 21.060276
3.060023 21.165577
3.065023 21.271404
3.070023 21.377762
3.075023 21.484652
3.080023 21.592075
3.085023 21.700035
3.090023 21.808535
3.095023 21.917578
3.100024 22.027166
3.105024 22.137302
3.110024 22.247990
3.115024 22.359230
3.120024 22.471025
3.125024 22.583380
3.130024 22.696297
3.135024 22.809778
3.140024 22.923826
3.145025 23.038445
3.150025 23.153637
3.155025 23.269405
3.160025 23.385752
3.165025 23.502680
3.170025 23.620193
3.175025 23.738295
3.180025 23.856987
3.185025 23.976273
3.190026 24.096153
3.195026 24.216635
3.200026 24.337717
3.205026 24.459406
3.210026 24.581703
3.215026 24.704611
3.220026 24.828135
3.225026 24.952274
3.230026 25.077036
3.235027 25.202421
3.240027 25.328434
3.245027 25.455076
3.250027 25.582352
3.255027 25.710264
3.260027 25.838816
3.265027 25.968010
3.270027 26.097851
3.275028 26.228340
3.280028 26.359482
3.285028 26.491280
3.290028 26.623735
3.295028 26.756855
3.300028 26.890638
3.305028 27.025091
3.310028 27.160217
3.315028 27.296019
3.320029 27.432499
3.325029 27.569662
3.330029 27.707510
3.335029 27.846048
3.340029 27.985279
3.345029 28.125206
3.350029 28.265833
3.355029 28.407162
3.360029 28.549198
3.365030 28.691944
3.370030 28.835403
3.375030 28.979580
3.380030 29.124477
3.385030 29.270100
3.390030 29.416451
3.395030 29.563532
3.400030 29.711349
3.405030 29.859907
3.410031 30.009207
3.415031 30.159252
3.420031 30.310049
3.425031 30.461599
3.430031 30.613907
3.435031 30.766977
3.440031 30.920813
3.445031 31.075417
3.450032 31.230793
3.455032 31.386948
3.460032 31.543882
3.465032 31.701601
3.470032 31.860109
3.475032 32.019409
3.480032 32.179504
3.485032 32.340401
3.490032 32.502102
3.495033 32.664612
3.500033 32.827934
3.505033 32.992073
3.510033 33.157032
3.515033 33.322819
3.520033 33.489433
3.525033 33.656879
3.530033 33.825165
3.535033 33.994289
3.540034 34.164261
3.545034 34.335083
3.550034 34.506760
3.555034 34.679295
3.560034 34.852692
3.565034 35.026955
3.570034 35.202091
3.575034 35.378101
3.580034 35.554993
3.585035 35.732769
3.590035 35.911434
3.595035 36.090992
3.600035 36.271446
3.605035 36.452805
3.610035 36.635067
3.615035 36.818241
3.620035 37.002331
3.625036 37.187344
3.630036 37.373280
3.635036 37.560146
3.640036 37.747948
3.645036 37.936687
3.650036 38.126369
3.655036 38.317001
3.660036 38.508587
3.665036 38.701130
3.670037 38.894634
3.675037 39.089108
3.680037 39.284554
3.685037 39.480976
3.690037 39.678383
3.695037 39.876774
3.700037 40.076157
3.705037 40.276539
3.710037 40.477921
3.715038 40.680309
3.720038 40.883709
3.725038 41.088127
3.730038 41.293568
3.735038 41.500034
3.740038 41.707535
3.745038 41.916073
3.750038 42.125652
3.755038 42.336281
3.760039 42.547962
3.765039 42.760700
3.770039 42.974503
3.775039 43.189377
3.780039 43.405323
3.785039 43.622349
3.790039 43.840462
3.795039 44.059666
3.800040 44.279964
3.805040 44.501366
3.810040 44.723873
3.815040 44.947491
3.820040 45.172230
3.825040 45.398090
3.830040 45.625080
3.835040 45.853207
3.840040 46.082474
3.845041 46.312885
3.850041 46.544449
3.855041 46.777172
3.860041 47.011059
3.865041 47.246113
3.870041 47.482342
3.875041 47.719753
3.880041 47.958351
3.885041 48.198143
3.890042 48.439133
3.895042 48.681328
3.900042 48.924736
3.905042 49.169361
3.910042 49.415207
3.915042 49.662285
3.920042 49.910595
3.925042 50.160149
3.930043 50.410950
3.935043 50.663006
3.940043 50.916321
3.945043 51.170902
3.950043 51.426758
3.955043 51.683891
3.960043 51.942310
3.965043 52.202023
3.970043 52.463032
3.975044 52.725346
3.980044 52.988972
3.985044 53.253918
3.990044 53.520187
3.995044 53.787788
4.000044 54.056728
4.005044 54.327011
4.010044 54.598648
4.015044 54.871643
4.020044 55.146000
4.025044 55.421730
4.030045 55.698837
4.035045 55.977333
4.040045 56.257221
4.045045 56.538506
4.050045 56.821198
4.055045 57.105305
4.060045 57.390831
4.065045 57.677784
4.070045 57.966171
4.075046 58.256001
4.080046 58.547279
4.085046 58.840015
4.090046 59.134216
4.095046 59.429886
4.100046 59.727036
4.105046 60.025669
4.110046 60.325798
4.115047 60.627426
4.120047 60.930565
4.125047 61.235218
4.130047 61.541393
4.135047 61.849102
4.140047 62.158348
4.145047 62.469139
4.150047 62.781487
4.155047 63.095394
4.160048 63.410870
4.165048 63.727924
4.170048 64.046562
4.175048 64.366798
4.180048 64.688629
4.185048 65.012070
4.190048 65.337128
4.195048 65.663811
4.200048 65.992126
4.205049 66.322090
4.210049 66.653702
4.215049 66.986969
4.220049 67.321907
4.225049 67.658516
4.230049 67.996811
4.235049 68.336792
4.240049 68.678474
4.245049 69.021866
4.250050 69.366974
4.255050 69.713806
4.260050 70.062378
4.265050 70.412689
4.270050 70.764755
4.275050 71.118576
4.280050 71.474167
4.285050 71.831535
4.290051 72.190697
4.295051 72.551651
4.300051 72.914406
4.305051 73.278976
4.310051 73.645370
4.315051 74.013596
4.320051 74.383667
4.325051 74.755585
4.330051 75.129364
4.335052 75.505013
4.340052 75.882538
4.345052 76.261948
4.350052 76.643257
4.355052 77.026474
4.360052 77.411606
4.365052 77.798660
4.370052 78.187653
4.375052 78.578590
4.380053 78.971481
4.385053 79.366341
4.390053 79.763176
4.395053 80.161995
4.400053 80.562805
4.405053 80.965622
4.410053 81.370453
4.415053 81.777306
4.420053 82.186195
4.425054 82.597130
4.430054 83.010117
4.435054 83.425171
4.440054 83.842300
4.445054 84.261513
4.450054 84.682823
4.455054 85.106239
4.460054 85.531769
4.465055 85.959427
4.470055 86.389221
4.475055 86.821167
4.480055 87.255272
4.485055 87.691551
4.490055 88.130013
4.495055 88.570663
4.500055 89.013519
4.505055 89.458588
4.510056 89.905884
4.515056 90.355415
4.520056 90.807190
4.525056 91.261223
4.530056 91.717529
4.535056 92.176117
4.540056 92.637001
4.545056 93.100189
4.550056 93.565689
4.555057 94.033516
4.560057 94.503685
4.565057 94.976204
4.570057 95.451088
4.575057 95.928345
4.580057 96.407990
4.585057 96.890030
4.590057 97.374481
4.595057 97.861351
4.600058 98.350655
4.605058 98.842407
4.610058 99.336617
4.615058 99.833298
4.620058 100.332466
4.625058 100.834129
4.630058 101.338303
4.635058 101.844994
4.640059 102.354218
4.645059 102.865990
4.650059 103.380318
4.655059 103.897217
4.660059 104.416702
4.665059 104.938789
4.670059 105.463486
4.675059 105.990807
4.680059 106.520760
4.685060 107.053360
4.690060 107.588623
4.695060 108.126564
4.700060 108.667198
4.705060 109.210533
4.710060 109.756584
4.715060 110.305367
4.720060 110.856895
4.725060 111.411179
4.730061 111.968231
4.735061 112.528076
4.740061 113.090714
4.745061 113.656166
4.750061 114.224449
4.755061 114.795570
4.760061 115.369545
4.765061 115.946396
4.770061 116.526131
4.775062 117.108765
4.780062 117.694305
4.785062 118.282776
4.790062 118.874191
4.795062 119.468559
4.800062 120.065903
4.805062 120.666229
4.810062 121.269562
4.815063 121.875908
4.820063 122.485291
4.825063 123.097717
4.830063 123.713203
4.835063 124.331772
4.840063 124.953430
4.845063 125.578194
4.850063 126.206085
4.855063 126.837112
4.860064 127.471298
4.865064 128.108658
4.870064 128.749207
4.875064 129.392960
4.880064 130.039917
4.885064 130.690109
4.890064 131.343567
4.895064 132.000290
4.900064 132.660294
4.905065 133.323593
4.910065 133.990204
4.915065 134.660156
4.920065 135.333450
4.925065 136.010117
4.930065 136.690170
4.935065 137.373627
4.940065 138.060501
4.945065 138.750809
4.950066 139.444565
4.955066 140.141785
4.960066 140.842499
4.965066 141.546707
4.970066 142.254440
4.975066 142.965714
4.980066 143.680542
4.985066 144.398941
4.990067 145.120941
4.995067 145.846542
5.000067 146.575775